======================================================================
SECTION 1 ù .PTH FILE SCAN (entire workspace)
======================================================================
  FOUND: d:\Projects\CausalOps X\models\anomaly_detection\best_vae.pth  [644225 bytes]

======================================================================
SECTION 2 ù .PKL FILE SCAN
======================================================================
  FOUND: final_scaler.pkl  [1487 bytes]  -> d:\Projects\CausalOps X\models\anomaly_detection\final_scaler.pkl
  FOUND: model1_scaler.pkl  [1487 bytes]  -> d:\Projects\CausalOps X\models\anomaly_detection\model1_scaler.pkl
  FOUND: model2_v9_step35_training_only_scaler.pkl  [1210 bytes]  -> d:\Projects\CausalOps X\models\root_cause_analysis\model2_v9_step35_training_only_scaler.pkl

======================================================================
SECTION 3 ù best_vae.pth CHECKPOINT INSPECTION
======================================================================
  Checkpoint type: dict
  Top-level keys: ['epoch', 'model_state_dict', 'optimizer_state_dict', 'best_val_loss', 'history']
  Meta [epoch]: 19
  Meta [optimizer_state_dict]: {'state': {0: {'step': tensor(42010.), 'exp_avg': tensor([[-4.4610e-04, -4.6689e-04, -2.3436e-04,  ...,  1.5226e-04,
         -1.3744e-05, -1.1727e-05],
        [-1.1216e-04, -1.4659e-04, -1.3867e-04,  ..., -1.7372e-04,
          8.5213e-06,  5.9093e-05],
        [-6.4963e-06, -1.2089e-05,  3.0639e-06,  ...,  7.7222e-05,
         -6.7262e-06, -1.0054e-05],
        ...,
        [-2.3719e-05, -3.7104e-05, -4.2860e-05,  ...,  1.1434e-06,
          7.9028e-06,  8.7193e-06],
        [-8.0106e-06, -8.3475e-06, -2.7463e-07,  ...,  1.6739e-05,
          1.0568e-05,  6.8372e-06],
        [-2.1124e-05, -4.4776e-05, -5.4974e-05,  ..., -3.5713e-05,
          3.1692e-06,  3.4108e-06]]), 'exp_avg_sq': tensor([[3.6913e-06, 1.3329e-06, 1.4676e-06,  ..., 2.9068e-06, 2.2753e-07,
         1.1636e-07],
        [1.1771e-06, 8.7180e-07, 6.6121e-07,  ..., 1.8324e-06, 1.6624e-06,
         2.3028e-06],
        [9.2974e-07, 5.6067e-07, 3.9489e-07,  ..., 6.3439e-07, 3.5956e-07,
         4.8747e-07],
        ...,
        [1.3896e-07, 1.2463e-07, 7.6847e-08,  ..., 5.5224e-08, 3.2761e-07,
         4.8316e-07],
        [2.1128e-08, 1.3867e-08, 1.3126e-08,  ..., 2.4646e-08, 4.0319e-09,
         4.6651e-09],
        [1.2333e-07, 7.6165e-08, 5.8362e-08,  ..., 1.2319e-07, 1.3634e-08,
         1.2470e-08]])}, 1: {'step': tensor(42010.), 'exp_avg': tensor([[ 5.4520e-05, -3.0683e-06,  3.3300e-06,  ...,  4.4689e-05,
         -1.0328e-05, -1.4389e-04],
        [ 2.8979e-05,  5.0692e-07, -4.7404e-05,  ...,  1.8096e-04,
         -1.9457e-05,  3.6903e-05],
        [ 3.4698e-05,  4.9137e-05,  3.1383e-05,  ...,  1.0844e-05,
         -5.8442e-05, -3.0876e-05],
        ...,
        [ 5.3285e-07,  3.6884e-06, -8.5434e-07,  ..., -5.8341e-06,
         -1.2357e-06, -5.6721e-06],
        [ 9.7422e-06, -1.0215e-05,  1.1672e-05,  ...,  6.5597e-06,
          9.6789e-06, -6.9269e-06],
        [ 1.6752e-05,  1.5248e-06,  6.5907e-06,  ...,  7.0722e-06,
          2.0435e-05, -1.4129e-05]]), 'exp_avg_sq': tensor([[1.6742e-06, 4.6275e-06, 6.7885e-07,  ..., 2.9711e-06, 4.8090e-07,
         2.3061e-06],
        [1.9410e-07, 9.5630e-08, 6.1612e-08,  ..., 4.8210e-07, 9.0238e-08,
         1.0655e-07],
        [3.9916e-07, 8.9974e-07, 4.7967e-08,  ..., 5.2493e-07, 1.3764e-07,
         5.3345e-07],
        ...,
        [3.9275e-08, 1.9495e-08, 7.7975e-09,  ..., 2.0215e-08, 2.0077e-08,
         1.5125e-08],
        [1.0201e-08, 8.8699e-09, 2.2766e-09,  ..., 6.1950e-09, 4.6176e-09,
         9.3609e-09],
        [3.9924e-08, 7.2443e-08, 1.9090e-08,  ..., 7.4575e-08, 2.0216e-08,
         4.6927e-08]])}, 2: {'step': tensor(42010.), 'exp_avg': tensor([ 1.2067e-05, -2.5696e-04,  9.4587e-06,  2.7726e-05,  2.4391e-05,
         1.0321e-04, -1.4079e-05, -1.1610e-04, -3.4723e-04, -1.3910e-04,
         1.6351e-05,  3.4009e-04, -1.6086e-04,  1.1734e-04, -1.1264e-06,
         3.4510e-05, -5.3113e-05, -1.7201e-04,  4.0226e-04, -3.1471e-04,
        -5.7835e-04,  2.3232e-05, -1.6378e-04, -5.7061e-05,  3.7232e-04,
        -9.1771e-05, -1.5371e-04,  5.2004e-05,  1.4171e-04, -2.3985e-05,
         7.9788e-04, -5.2490e-05,  3.2775e-04,  7.9213e-05,  2.7824e-04,
        -6.2040e-05,  1.9318e-06,  1.2708e-04,  1.6096e-04,  1.6533e-04,
        -2.4327e-04, -2.5436e-04, -1.4646e-04, -7.7653e-05,  6.7894e-05,
        -1.3915e-04,  4.9641e-04,  2.4706e-04,  9.7132e-04,  5.3001e-05,
         2.6201e-05,  2.5734e-04, -2.7269e-04, -1.5119e-04,  2.3304e-06,
        -9.9400e-05,  4.3591e-05, -4.9899e-05,  8.2380e-05, -9.5136e-05,
         1.4578e-04,  3.5862e-04, -1.0640e-04,  5.1691e-05, -2.8026e-05,
        -3.8850e-05,  5.6153e-06, -2.8023e-06, -2.2425e-05,  1.6365e-05,
         2.2532e-07, -3.6881e-05,  5.1984e-05,  2.9590e-05,  2.5291e-05,
         7.1325e-05, -1.9890e-04,  5.7701e-05,  1.3645e-06, -8.6907e-06,
         3.0531e-04,  7.7199e-05, -8.8084e-05,  5.0976e-05,  4.4873e-05,
         1.1112e-04,  7.5201e-05, -5.3269e-06,  4.7857e-05, -3.0984e-05,
        -6.0597e-05,  2.8997e-06,  9.4890e-05, -1.5890e-05,  1.4236e-04,
        -1.6065e-05, -4.7001e-05, -9.8492e-05,  9.5218e-06,  1.0835e-05,
        -1.4136e-05,  5.8193e-05,  5.9176e-05,  6.5009e-05, -5.2528e-05,
         1.2968e-04, -4.9754e-05, -4.3436e-05, -4.6078e-05, -7.2937e-05,
         7.7181e-05,  7.3487e-05,  7.6864e-05,  4.6293e-05,  3.7055e-05,
         4.5480e-05, -1.2008e-04, -1.5478e-05, -1.6186e-05,  2.6272e-05,
        -6.1852e-06, -9.3266e-05,  1.1275e-05, -5.7028e-05,  5.5618e-05,
         1.4893e-04,  5.7788e-05,  3.8757e-05,  9.6432e-05,  1.4568e-04,
         1.1584e-04,  6.1910e-06,  2.9952e-05, -3.4939e-05, -1.4000e-04,
        -6.3844e-04, -2.9755e-04,  3.1992e-04,  9.3412e-05,  1.7199e-04,
        -2.6406e-05, -1.4267e-04, -7.3368e-05, -1.2499e-04, -3.5450e-05,
        -5.7364e-04,  2.6063e-05, -4.7694e-05,  7.8986e-05, -1.1691e-04,
         1.0791e-03,  2.8469e-04, -1.1253e-04, -4.8230e-05,  8.4181e-05,
         7.6768e-05,  7.6513e-05,  4.2328e-04,  1.9606e-04, -1.1759e-04,
         6.5009e-05, -6.6933e-05, -9.0947e-05,  1.7007e-05,  1.3705e-04,
        -4.4377e-06, -7.1472e-05, -2.4544e-05, -2.4591e-04, -2.2072e-04,
        -9.9586e-05,  1.2657e-04, -8.2539e-05, -6.9704e-05,  2.1629e-04,
        -2.8536e-04,  7.8929e-04,  6.7218e-05,  1.1520e-04,  2.3140e-05,
        -6.4867e-07,  3.0478e-05, -4.9327e-05,  4.9417e-05,  1.3818e-05,
         3.6727e-05,  1.9954e-05,  8.4787e-05, -2.2331e-04, -2.8984e-04,
         2.4859e-04, -2.3223e-07,  3.7842e-05, -1.0895e-04,  6.6764e-06,
        -1.8806e-05, -2.6415e-05,  9.3954e-05, -5.2723e-05,  1.2020e-05,
        -2.6326e-06,  9.6439e-06,  2.7635e-05,  7.6889e-06,  6.4334e-07,
        -6.6979e-05,  1.2429e-05, -3.5737e-06,  9.6011e-06, -5.3536e-05,
         4.0394e-05,  1.7366e-05, -4.2856e-06,  1.2713e-05, -6.1041e-05,
         3.5605e-05,  1.5396e-04, -5.7218e-05, -2.0076e-06,  2.5137e-05,
         1.3627e-07,  8.9407e-06,  4.6811e-05,  8.1189e-06, -5.7806e-05,
         7.6340e-06,  1.3318e-05, -1.7182e-05,  1.1295e-04,  1.2669e-04,
         1.4006e-05,  3.0261e-05,  1.1751e-06, -1.0227e-04, -1.4656e-06,
         8.4270e-07,  1.9463e-05, -2.6571e-05,  2.3756e-04,  1.4916e-06,
         2.1414e-05, -8.6799e-06,  9.8869e-06,  1.8384e-05, -4.4443e-05,
         9.0434e-06,  4.7279e-05,  4.5961e-05, -1.9727e-05, -2.5394e-05,
        -1.3901e-05,  2.4284e-06, -1.3921e-05, -3.0587e-06, -2.2163e-05,
         7.6060e-06]), 'exp_avg_sq': tensor([4.0002e-06, 2.8278e-06, 1.0394e-06, 3.3260e-08, 6.4072e-07, 5.8327e-07,
        8.7775e-07, 4.6470e-07, 1.6272e-05, 3.0078e-06, 3.0544e-06, 1.2301e-06,
        1.1018e-06, 1.2560e-06, 1.0606e-06, 6.7073e-07, 8.6207e-06, 4.8275e-05,
        1.9778e-04, 8.0999e-07, 9.4870e-06, 1.3308e-06, 2.3542e-07, 1.6979e-06,
        1.4390e-06, 8.5593e-07, 1.7648e-06, 2.4969e-06, 4.3920e-06, 1.7927e-06,
        1.0174e-04, 2.0846e-06, 8.0888e-05, 2.2548e-06, 3.8450e-06, 1.2309e-06,
        2.7102e-07, 7.2460e-07, 4.8670e-07, 1.9292e-06, 1.3656e-06, 1.4706e-06,
        4.3128e-06, 1.7592e-06, 3.5526e-06, 6.2035e-07, 9.9043e-05, 1.9982e-06,
        2.3508e-05, 1.6820e-07, 5.9849e-07, 1.5861e-06, 4.0282e-06, 7.3680e-07,
        1.5982e-07, 9.6186e-07, 6.1441e-07, 2.3720e-06, 6.9114e-07, 5.9408e-07,
        1.9267e-06, 1.8061e-05, 5.1946e-06, 3.3800e-07, 1.6987e-06, 7.7482e-07,
        1.8097e-07, 1.2778e-07, 2.8848e-08, 1.3342e-07, 6.2475e-08, 2.8114e-07,
        1.5822e-07, 4.7993e-07, 4.0827e-08, 3.3045e-07, 2.5109e-06, 1.3101e-07,
        2.7371e-07, 5.3979e-07, 2.0246e-06, 6.1014e-06, 5.3868e-06, 9.4058e-08,
        3.4657e-06, 7.2535e-06, 2.7961e-08, 2.1671e-07, 5.2817e-08, 3.1074e-07,
        2.5071e-07, 9.9368e-08, 5.1081e-07, 5.9611e-07, 1.2234e-05, 1.0064e-06,
        1.0776e-06, 4.9797e-06, 4.2589e-08, 3.8061e-08, 1.9549e-08, 4.5184e-07,
        5.4305e-08, 1.6462e-07, 4.6929e-08, 9.3872e-07, 3.6462e-07, 1.2033e-07,
        4.9747e-08, 1.1268e-07, 1.2938e-07, 8.6556e-07, 3.1704e-07, 1.7025e-07,
        1.1203e-07, 8.6290e-08, 2.6610e-06, 1.9840e-07, 7.2529e-08, 3.4180e-07,
        8.1259e-08, 2.3616e-06, 6.5260e-08, 5.6524e-07, 7.1829e-07, 3.2864e-07,
        3.1448e-07, 5.3738e-08, 5.8041e-06, 8.2885e-06, 1.4404e-06, 6.8217e-07,
        7.2558e-07, 3.7908e-07, 2.6884e-07, 4.3549e-06, 2.6047e-06, 1.7233e-06,
        1.4947e-06, 1.9516e-06, 8.6458e-07, 2.6441e-06, 7.7497e-07, 1.4894e-06,
        6.8278e-06, 1.0435e-04, 3.1075e-06, 9.5599e-07, 1.5927e-05, 2.0279e-06,
        5.7831e-07, 2.7115e-06, 1.5288e-07, 8.0074e-06, 5.6189e-07, 1.3661e-06,
        5.7015e-06, 2.1243e-06, 2.9797e-06, 6.1802e-07, 1.7350e-06, 8.1694e-06,
        1.0137e-06, 9.9780e-07, 4.2699e-07, 2.0294e-07, 8.0915e-07, 2.2306e-06,
        2.2350e-06, 1.8598e-06, 5.8834e-06, 1.4804e-06, 3.2878e-06, 1.1819e-06,
        1.6137e-06, 2.0006e-06, 1.0990e-05, 9.0126e-07, 1.7487e-06, 2.4831e-07,
        2.4157e-06, 3.7860e-06, 3.9064e-07, 9.3043e-07, 5.5499e-07, 2.5209e-06,
        5.4518e-07, 1.6487e-07, 7.3984e-06, 7.1416e-06, 2.3604e-06, 2.5722e-07,
        3.3946e-07, 1.7085e-06, 1.0795e-08, 2.7267e-08, 4.2711e-08, 1.7056e-07,
        1.7902e-07, 2.2670e-08, 1.6530e-08, 1.2866e-07, 7.3857e-08, 2.0385e-08,
        1.8380e-07, 7.0294e-07, 2.4419e-08, 4.6901e-08, 2.7574e-07, 2.9676e-08,
        3.6097e-07, 6.8829e-09, 1.2615e-08, 2.1032e-08, 2.2529e-07, 6.4211e-08,
        2.5892e-07, 4.4223e-07, 1.8383e-08, 7.7708e-08, 1.2979e-07, 1.4457e-07,
        7.2134e-07, 1.2993e-07, 1.1123e-07, 2.3325e-09, 2.6499e-08, 8.3185e-08,
        2.8453e-07, 4.6754e-07, 1.4621e-07, 1.5547e-08, 3.1838e-08, 4.3745e-07,
        1.1596e-08, 2.6103e-08, 3.4446e-08, 2.4342e-09, 1.6485e-07, 2.9109e-08,
        3.0150e-08, 3.8175e-08, 1.8632e-08, 3.5569e-08, 1.1909e-07, 5.4245e-09,
        2.6239e-07, 2.3616e-07, 6.0623e-08, 4.0016e-08, 2.7356e-07, 7.4138e-08,
        3.9293e-08, 6.0705e-08, 2.8902e-08, 1.5284e-07])}, 3: {'step': tensor(42010.), 'exp_avg': tensor([ 1.2067e-05, -2.5696e-04,  9.4587e-06,  2.7726e-05,  2.4391e-05,
         1.0321e-04, -1.4079e-05, -1.1610e-04, -3.4723e-04, -1.3910e-04,
         1.6351e-05,  3.4009e-04, -1.6086e-04,  1.1734e-04, -1.1264e-06,
         3.4510e-05, -5.3113e-05, -1.7201e-04,  4.0226e-04, -3.1471e-04,
        -5.7835e-04,  2.3232e-05, -1.6378e-04, -5.7061e-05,  3.7232e-04,
        -9.1771e-05, -1.5371e-04,  5.2004e-05,  1.4171e-04, -2.3985e-05,
         7.9788e-04, -5.2490e-05,  3.2775e-04,  7.9213e-05,  2.7824e-04,
        -6.2040e-05,  1.9318e-06,  1.2708e-04,  1.6096e-04,  1.6533e-04,
        -2.4327e-04, -2.5436e-04, -1.4646e-04, -7.7653e-05,  6.7894e-05,
        -1.3915e-04,  4.9641e-04,  2.4706e-04,  9.7132e-04,  5.3001e-05,
         2.6201e-05,  2.5734e-04, -2.7269e-04, -1.5119e-04,  2.3304e-06,
        -9.9400e-05,  4.3591e-05, -4.9899e-05,  8.2380e-05, -9.5136e-05,
         1.4578e-04,  3.5862e-04, -1.0640e-04,  5.1691e-05, -2.8026e-05,
        -3.8850e-05,  5.6153e-06, -2.8023e-06, -2.2425e-05,  1.6365e-05,
         2.2532e-07, -3.6881e-05,  5.1984e-05,  2.9590e-05,  2.5291e-05,
         7.1325e-05, -1.9890e-04,  5.7701e-05,  1.3645e-06, -8.6907e-06,
         3.0531e-04,  7.7199e-05, -8.8084e-05,  5.0976e-05,  4.4873e-05,
         1.1112e-04,  7.5201e-05, -5.3269e-06,  4.7857e-05, -3.0984e-05,
        -6.0597e-05,  2.8997e-06,  9.4890e-05, -1.5890e-05,  1.4236e-04,
        -1.6065e-05, -4.7001e-05, -9.8492e-05,  9.5218e-06,  1.0835e-05,
        -1.4136e-05,  5.8193e-05,  5.9176e-05,  6.5009e-05, -5.2528e-05,
         1.2968e-04, -4.9754e-05, -4.3436e-05, -4.6078e-05, -7.2937e-05,
         7.7181e-05,  7.3487e-05,  7.6864e-05,  4.6293e-05,  3.7055e-05,
         4.5480e-05, -1.2008e-04, -1.5478e-05, -1.6186e-05,  2.6272e-05,
        -6.1852e-06, -9.3266e-05,  1.1275e-05, -5.7028e-05,  5.5618e-05,
         1.4893e-04,  5.7788e-05,  3.8757e-05,  9.6432e-05,  1.4568e-04,
         1.1584e-04,  6.1910e-06,  2.9952e-05, -3.4939e-05, -1.4000e-04,
        -6.3844e-04, -2.9755e-04,  3.1992e-04,  9.3412e-05,  1.7199e-04,
        -2.6406e-05, -1.4267e-04, -7.3368e-05, -1.2499e-04, -3.5450e-05,
        -5.7364e-04,  2.6063e-05, -4.7694e-05,  7.8986e-05, -1.1691e-04,
         1.0791e-03,  2.8469e-04, -1.1253e-04, -4.8230e-05,  8.4181e-05,
         7.6768e-05,  7.6513e-05,  4.2328e-04,  1.9606e-04, -1.1759e-04,
         6.5009e-05, -6.6933e-05, -9.0947e-05,  1.7007e-05,  1.3705e-04,
        -4.4377e-06, -7.1472e-05, -2.4544e-05, -2.4591e-04, -2.2072e-04,
        -9.9586e-05,  1.2657e-04, -8.2539e-05, -6.9704e-05,  2.1629e-04,
        -2.8536e-04,  7.8929e-04,  6.7218e-05,  1.1520e-04,  2.3140e-05,
        -6.4867e-07,  3.0478e-05, -4.9327e-05,  4.9417e-05,  1.3818e-05,
         3.6727e-05,  1.9954e-05,  8.4787e-05, -2.2331e-04, -2.8984e-04,
         2.4859e-04, -2.3223e-07,  3.7842e-05, -1.0895e-04,  6.6764e-06,
        -1.8806e-05, -2.6415e-05,  9.3954e-05, -5.2723e-05,  1.2020e-05,
        -2.6326e-06,  9.6439e-06,  2.7635e-05,  7.6889e-06,  6.4334e-07,
        -6.6979e-05,  1.2429e-05, -3.5737e-06,  9.6011e-06, -5.3536e-05,
         4.0394e-05,  1.7366e-05, -4.2856e-06,  1.2713e-05, -6.1041e-05,
         3.5605e-05,  1.5396e-04, -5.7218e-05, -2.0076e-06,  2.5137e-05,
         1.3627e-07,  8.9407e-06,  4.6811e-05,  8.1189e-06, -5.7806e-05,
         7.6340e-06,  1.3318e-05, -1.7182e-05,  1.1295e-04,  1.2669e-04,
         1.4006e-05,  3.0261e-05,  1.1751e-06, -1.0227e-04, -1.4656e-06,
         8.4270e-07,  1.9463e-05, -2.6571e-05,  2.3756e-04,  1.4916e-06,
         2.1414e-05, -8.6799e-06,  9.8869e-06,  1.8384e-05, -4.4443e-05,
         9.0434e-06,  4.7279e-05,  4.5961e-05, -1.9727e-05, -2.5394e-05,
        -1.3901e-05,  2.4284e-06, -1.3921e-05, -3.0587e-06, -2.2163e-05,
         7.6060e-06]), 'exp_avg_sq': tensor([4.0002e-06, 2.8278e-06, 1.0394e-06, 3.3260e-08, 6.4072e-07, 5.8327e-07,
        8.7775e-07, 4.6470e-07, 1.6272e-05, 3.0078e-06, 3.0544e-06, 1.2301e-06,
        1.1018e-06, 1.2560e-06, 1.0606e-06, 6.7073e-07, 8.6207e-06, 4.8275e-05,
        1.9778e-04, 8.0999e-07, 9.4870e-06, 1.3308e-06, 2.3542e-07, 1.6979e-06,
        1.4390e-06, 8.5593e-07, 1.7648e-06, 2.4969e-06, 4.3920e-06, 1.7927e-06,
        1.0174e-04, 2.0846e-06, 8.0888e-05, 2.2548e-06, 3.8450e-06, 1.2309e-06,
        2.7102e-07, 7.2460e-07, 4.8670e-07, 1.9292e-06, 1.3656e-06, 1.4706e-06,
        4.3128e-06, 1.7592e-06, 3.5526e-06, 6.2035e-07, 9.9043e-05, 1.9982e-06,
        2.3508e-05, 1.6820e-07, 5.9849e-07, 1.5861e-06, 4.0282e-06, 7.3680e-07,
        1.5982e-07, 9.6186e-07, 6.1441e-07, 2.3720e-06, 6.9114e-07, 5.9408e-07,
        1.9267e-06, 1.8061e-05, 5.1946e-06, 3.3800e-07, 1.6987e-06, 7.7482e-07,
        1.8097e-07, 1.2778e-07, 2.8848e-08, 1.3342e-07, 6.2475e-08, 2.8114e-07,
        1.5822e-07, 4.7993e-07, 4.0827e-08, 3.3045e-07, 2.5109e-06, 1.3101e-07,
        2.7371e-07, 5.3979e-07, 2.0246e-06, 6.1014e-06, 5.3868e-06, 9.4058e-08,
        3.4657e-06, 7.2535e-06, 2.7961e-08, 2.1671e-07, 5.2817e-08, 3.1074e-07,
        2.5071e-07, 9.9368e-08, 5.1081e-07, 5.9611e-07, 1.2234e-05, 1.0064e-06,
        1.0776e-06, 4.9797e-06, 4.2589e-08, 3.8061e-08, 1.9549e-08, 4.5184e-07,
        5.4305e-08, 1.6462e-07, 4.6929e-08, 9.3872e-07, 3.6462e-07, 1.2033e-07,
        4.9747e-08, 1.1268e-07, 1.2938e-07, 8.6556e-07, 3.1704e-07, 1.7025e-07,
        1.1203e-07, 8.6290e-08, 2.6610e-06, 1.9840e-07, 7.2529e-08, 3.4180e-07,
        8.1259e-08, 2.3616e-06, 6.5260e-08, 5.6524e-07, 7.1829e-07, 3.2864e-07,
        3.1448e-07, 5.3738e-08, 5.8041e-06, 8.2885e-06, 1.4404e-06, 6.8217e-07,
        7.2558e-07, 3.7908e-07, 2.6884e-07, 4.3549e-06, 2.6047e-06, 1.7233e-06,
        1.4947e-06, 1.9516e-06, 8.6458e-07, 2.6441e-06, 7.7497e-07, 1.4894e-06,
        6.8278e-06, 1.0435e-04, 3.1075e-06, 9.5599e-07, 1.5927e-05, 2.0279e-06,
        5.7831e-07, 2.7115e-06, 1.5288e-07, 8.0074e-06, 5.6189e-07, 1.3661e-06,
        5.7015e-06, 2.1243e-06, 2.9797e-06, 6.1802e-07, 1.7350e-06, 8.1694e-06,
        1.0137e-06, 9.9780e-07, 4.2699e-07, 2.0294e-07, 8.0915e-07, 2.2306e-06,
        2.2350e-06, 1.8598e-06, 5.8834e-06, 1.4804e-06, 3.2878e-06, 1.1819e-06,
        1.6137e-06, 2.0006e-06, 1.0990e-05, 9.0126e-07, 1.7487e-06, 2.4831e-07,
        2.4157e-06, 3.7860e-06, 3.9064e-07, 9.3043e-07, 5.5499e-07, 2.5209e-06,
        5.4518e-07, 1.6487e-07, 7.3984e-06, 7.1416e-06, 2.3604e-06, 2.5722e-07,
        3.3946e-07, 1.7085e-06, 1.0795e-08, 2.7267e-08, 4.2711e-08, 1.7056e-07,
        1.7902e-07, 2.2670e-08, 1.6530e-08, 1.2866e-07, 7.3857e-08, 2.0385e-08,
        1.8380e-07, 7.0294e-07, 2.4419e-08, 4.6901e-08, 2.7574e-07, 2.9676e-08,
        3.6097e-07, 6.8829e-09, 1.2615e-08, 2.1032e-08, 2.2529e-07, 6.4211e-08,
        2.5892e-07, 4.4223e-07, 1.8383e-08, 7.7708e-08, 1.2979e-07, 1.4457e-07,
        7.2134e-07, 1.2993e-07, 1.1123e-07, 2.3325e-09, 2.6499e-08, 8.3185e-08,
        2.8453e-07, 4.6754e-07, 1.4621e-07, 1.5547e-08, 3.1838e-08, 4.3745e-07,
        1.1596e-08, 2.6103e-08, 3.4446e-08, 2.4342e-09, 1.6485e-07, 2.9109e-08,
        3.0150e-08, 3.8175e-08, 1.8632e-08, 3.5569e-08, 1.1909e-07, 5.4245e-09,
        2.6239e-07, 2.3616e-07, 6.0623e-08, 4.0016e-08, 2.7356e-07, 7.4138e-08,
        3.9293e-08, 6.0705e-08, 2.8902e-08, 1.5284e-07])}, 4: {'step': tensor(42010.), 'exp_avg': tensor([[ 3.2300e-05, -8.6239e-04,  5.3966e-04,  ...,  1.1076e-04,
          4.7958e-04, -2.3773e-05],
        [ 6.0901e-04,  5.8944e-04, -5.4282e-04,  ..., -5.4041e-04,
          5.4382e-04, -6.7363e-04],
        [-4.1963e-04, -9.9015e-05,  1.4454e-04,  ...,  1.8947e-04,
         -6.5793e-04,  1.8296e-04],
        ...,
        [-9.2932e-04, -1.7684e-03,  9.9200e-07,  ...,  7.5935e-04,
          2.4573e-04,  9.0637e-04],
        [-3.1167e-04, -1.0333e-03,  1.1051e-04,  ...,  3.0283e-04,
          5.0700e-05,  3.6941e-04],
        [-1.5973e-04,  4.0999e-04,  5.9563e-05,  ..., -4.2558e-05,
         -4.2910e-04, -3.2996e-04]]), 'exp_avg_sq': tensor([[2.2143e-05, 3.0311e-05, 1.0631e-05,  ..., 2.7355e-05, 6.5811e-06,
         3.0982e-05],
        [2.1559e-05, 3.5755e-05, 9.0325e-06,  ..., 3.1288e-05, 7.7897e-06,
         3.3095e-05],
        [1.3826e-05, 2.0879e-05, 3.7097e-06,  ..., 1.7249e-05, 3.9350e-06,
         2.1273e-05],
        ...,
        [2.4644e-05, 5.2488e-05, 6.3642e-06,  ..., 4.2380e-05, 6.9984e-06,
         4.1198e-05],
        [1.6110e-05, 2.5484e-05, 4.2812e-06,  ..., 2.0893e-05, 4.3186e-06,
         2.4199e-05],
        [3.2462e-05, 6.7139e-05, 9.7111e-06,  ..., 5.9850e-05, 1.0994e-05,
         5.1437e-05]])}, 5: {'step': tensor(42010.), 'exp_avg': tensor([-1.0936e-04,  9.8271e-04, -2.2450e-04, -5.5252e-04, -2.9783e-04,
        -4.7186e-04,  8.7840e-04, -1.5244e-03,  1.1524e-03,  4.7828e-04,
         2.2829e-05,  2.8956e-04,  8.8264e-04, -1.0910e-03, -6.4634e-04,
         1.3883e-04]), 'exp_avg_sq': tensor([4.4080e-05, 4.7433e-05, 2.8684e-05, 2.7620e-05, 8.0178e-05, 1.0819e-04,
        1.4898e-03, 3.3911e-05, 3.5305e-05, 3.0595e-05, 1.5033e-03, 6.6608e-05,
        2.9827e-05, 6.5760e-05, 3.5167e-05, 8.9750e-05])}, 6: {'step': tensor(42010.), 'exp_avg': tensor([[-1.6996e-06, -3.7238e-06,  4.1848e-07,  ...,  3.5306e-06,
         -4.0016e-06,  5.5193e-07],
        [-3.8879e-06, -3.8729e-06,  1.5343e-06,  ...,  6.3118e-06,
         -3.2779e-06,  5.0916e-06],
        [-1.6758e-06, -2.6444e-06, -5.0910e-07,  ...,  6.5165e-06,
         -5.1105e-07,  1.9511e-06],
        ...,
        [-7.0734e-07, -5.5897e-07,  1.9585e-06,  ..., -8.0326e-06,
         -2.6359e-06, -1.1173e-06],
        [-1.5737e-06,  3.4100e-06,  1.0748e-06,  ..., -3.5630e-08,
         -4.5236e-06,  3.1882e-06],
        [ 7.4914e-06,  5.7917e-06, -2.1113e-06,  ..., -3.8713e-06,
         -1.7185e-06, -6.8881e-06]]), 'exp_avg_sq': tensor([[8.7365e-10, 9.9405e-10, 2.4009e-09,  ..., 9.8453e-10, 1.8867e-10,
         1.5195e-09],
        [7.6897e-10, 7.4467e-10, 7.9375e-10,  ..., 1.2069e-09, 2.4358e-10,
         8.0571e-10],
        [6.5584e-10, 7.6271e-10, 2.6621e-10,  ..., 8.3654e-10, 1.9976e-10,
         8.6173e-10],
        ...,
        [7.1036e-10, 1.1646e-09, 1.1436e-09,  ..., 1.7519e-09, 3.8205e-10,
         1.1726e-09],
        [4.5628e-10, 6.1194e-10, 4.7911e-10,  ..., 7.7968e-10, 1.6603e-10,
         6.2084e-10],
        [5.2475e-10, 9.1095e-10, 9.2754e-10,  ..., 1.3195e-09, 2.9271e-10,
         7.6832e-10]])}, 7: {'step': tensor(42010.), 'exp_avg': tensor([-3.8570e-06, -8.5606e-06, -6.4339e-06, -7.9545e-08,  4.0324e-06,
        -4.4773e-06,  3.5877e-06,  2.0358e-05,  6.6080e-06, -1.0688e-06,
         6.5573e-06, -6.7358e-06, -3.0811e-06,  6.8669e-06,  1.9120e-06,
         6.2706e-06]), 'exp_avg_sq': tensor([3.8908e-09, 1.8426e-09, 1.2629e-09, 1.3307e-09, 2.1377e-09, 2.0825e-09,
        3.5441e-09, 3.1967e-09, 2.5000e-09, 7.9891e-10, 5.8703e-09, 2.1271e-09,
        2.0675e-09, 2.6684e-09, 1.3128e-09, 2.1026e-09])}, 10: {'step': tensor(42010.), 'exp_avg': tensor([[-1.0910e-04,  4.1432e-05, -9.0555e-05,  ..., -6.5872e-05,
         -1.1081e-04,  5.2027e-05],
        [-6.6401e-05, -1.4161e-04, -4.0666e-05,  ..., -1.0602e-04,
         -6.8446e-05,  1.1857e-04],
        [-9.4316e-05, -9.5209e-05,  8.3296e-05,  ...,  3.8509e-05,
         -9.6541e-05,  1.1525e-04],
        ...,
        [ 1.4942e-04,  6.9526e-05, -3.1065e-05,  ..., -1.0034e-04,
          7.4628e-05, -1.1158e-04],
        [ 8.1313e-05, -3.6072e-05, -2.2157e-04,  ..., -5.9524e-06,
          1.1868e-05, -1.3160e-04],
        [ 3.5431e-04, -4.5294e-05,  1.4628e-04,  ..., -2.5017e-04,
         -3.8920e-06, -6.3993e-04]]), 'exp_avg_sq': tensor([[3.8369e-07, 1.5038e-06, 1.1089e-06,  ..., 3.1682e-06, 2.2041e-06,
         1.2690e-06],
        [5.6486e-07, 4.6854e-07, 2.2949e-07,  ..., 4.6644e-07, 2.7849e-07,
         9.5530e-07],
        [2.3731e-07, 5.7624e-07, 2.2144e-07,  ..., 5.9921e-07, 3.9823e-07,
         4.4685e-07],
        ...,
        [5.7413e-07, 5.8996e-07, 2.8419e-07,  ..., 3.2853e-07, 2.9013e-07,
         8.2483e-07],
        [1.9151e-07, 1.2581e-07, 1.5470e-07,  ..., 1.4250e-07, 1.9519e-07,
         2.4926e-07],
        [1.5694e-06, 2.3392e-06, 2.1992e-06,  ..., 2.9288e-06, 6.0293e-06,
         2.8549e-06]])}, 11: {'step': tensor(42010.), 'exp_avg': tensor([[-4.1735e-06,  1.8303e-05,  4.5066e-05,  ..., -1.5182e-05,
         -1.7811e-05, -1.5317e-05],
        [ 2.4775e-06,  4.1992e-05,  1.9055e-05,  ...,  1.2531e-05,
          1.6622e-05, -7.6583e-06],
        [-1.1978e-05, -2.0367e-05,  1.4071e-05,  ..., -2.3729e-05,
         -4.7778e-05,  3.9971e-06],
        ...,
        [-2.4074e-05,  1.3517e-05, -1.9852e-05,  ..., -4.9835e-06,
          2.8753e-05, -1.2881e-07],
        [ 2.3449e-05,  1.1686e-04, -4.5666e-06,  ..., -5.0759e-05,
          7.3671e-05, -1.3523e-04],
        [ 1.3123e-04,  7.3376e-05, -9.3412e-05,  ...,  3.9194e-05,
          1.0079e-04, -3.1609e-05]]), 'exp_avg_sq': tensor([[5.4806e-08, 9.6143e-07, 3.2513e-08,  ..., 8.6748e-08, 9.6692e-07,
         1.9598e-07],
        [3.3365e-08, 6.7525e-08, 5.3741e-08,  ..., 4.4023e-08, 1.3469e-07,
         1.4433e-07],
        [1.6853e-08, 3.8091e-08, 2.4287e-08,  ..., 2.5782e-08, 2.3019e-08,
         1.0912e-07],
        ...,
        [9.4975e-08, 6.0613e-08, 7.8860e-08,  ..., 9.3307e-08, 4.0960e-08,
         2.0657e-07],
        [3.7171e-08, 4.3562e-08, 2.6939e-08,  ..., 2.6440e-08, 5.3840e-08,
         1.3776e-06],
        [6.5354e-08, 1.1757e-06, 1.7345e-07,  ..., 2.1239e-07, 3.7979e-07,
         1.1068e-06]])}, 12: {'step': tensor(42010.), 'exp_avg': tensor([ 2.2387e-04,  6.5513e-05,  1.2000e-04, -1.7447e-05, -5.5201e-05,
         4.6377e-05,  3.0563e-05, -9.7082e-05, -7.4259e-06, -2.1323e-05,
         4.1333e-04, -1.1804e-04,  4.4350e-05, -7.3564e-05, -4.3615e-05,
        -9.0358e-05, -9.5843e-05, -3.4222e-04, -4.1917e-04, -6.3590e-05,
        -1.8552e-04, -4.2900e-05, -3.6932e-05, -7.3725e-06, -1.2267e-04,
         9.4187e-06, -1.7660e-06, -4.1494e-06,  6.0022e-05, -9.5924e-06,
        -1.4751e-04,  1.3176e-04, -8.2481e-06,  5.9675e-04, -5.9309e-05,
         7.8636e-05,  1.4263e-04,  1.7260e-04, -4.4796e-05,  3.0456e-05,
        -8.6343e-05, -4.7957e-05,  1.1078e-04, -2.5778e-05,  5.1587e-05,
         1.7603e-04,  1.1665e-05, -3.6062e-05, -4.7386e-05,  1.3701e-04,
         1.7905e-04,  2.6858e-05, -5.0190e-05,  3.2329e-05,  4.5209e-05,
         2.0545e-04, -7.4933e-05,  8.6103e-05,  5.1807e-07,  1.3031e-05,
         1.7101e-05, -1.3044e-04,  2.4001e-05, -6.0914e-04, -4.4223e-05,
         2.0321e-06,  9.7754e-05,  3.0852e-05, -1.7578e-05,  3.7241e-05,
        -3.5554e-05,  3.6634e-05,  3.6387e-06, -6.5735e-05, -2.2844e-04,
        -2.4922e-04, -3.2381e-05,  7.2893e-06, -3.3386e-05, -1.6982e-05,
        -1.1678e-04, -1.2420e-04,  7.2506e-05, -2.2908e-06, -1.6857e-05,
        -1.2800e-05,  4.1569e-05, -7.1306e-05, -3.3547e-04,  9.0290e-05,
        -1.5710e-04,  2.2871e-05,  4.4943e-05,  3.6934e-05, -4.9273e-05,
        -1.0690e-04,  8.3439e-07,  1.0358e-04, -4.3206e-05, -1.9063e-04,
         1.8374e-04, -3.5053e-04,  1.0810e-04,  6.5402e-05, -1.5933e-04,
        -1.2106e-05, -2.6669e-04, -2.5941e-04,  3.3377e-05, -1.6826e-04,
        -3.9249e-05, -5.2329e-05, -2.6840e-05,  4.6507e-05,  6.3426e-05,
         3.5082e-06, -1.0898e-05,  1.1688e-05,  9.8495e-05,  3.3780e-05,
        -4.9730e-05, -5.3820e-04,  4.0526e-05, -8.0641e-06,  6.9336e-05,
        -1.1020e-04, -1.0376e-04, -1.1650e-03,  5.2448e-04, -2.4468e-04,
         3.6360e-04,  2.0906e-04, -9.9270e-05, -4.0064e-04,  4.8432e-05,
        -1.5308e-04, -3.3286e-04,  5.7647e-04, -5.3784e-04, -5.4441e-05,
         6.1980e-04,  2.5144e-04,  6.6914e-04, -1.0288e-03,  6.4437e-04,
         1.8651e-04, -9.3385e-04, -2.8595e-04,  6.2406e-04, -1.2517e-04,
        -1.4959e-04, -1.9617e-04, -3.7924e-04, -1.3428e-04,  3.9077e-04,
        -1.0220e-03, -8.0707e-05, -1.1023e-04,  1.2995e-03,  7.8851e-04,
        -2.1507e-04,  7.2044e-04, -1.5205e-04, -1.1017e-03,  8.1579e-05,
         1.1289e-03,  1.0023e-04,  2.2167e-04, -1.0761e-03, -7.1613e-05,
        -1.6581e-03, -1.0376e-04, -5.2557e-05,  4.9431e-04, -2.3753e-04,
         2.5656e-04,  2.8225e-04, -2.1771e-04,  1.3643e-04,  1.2928e-04,
        -9.7133e-05, -1.4559e-04, -1.6200e-04,  1.0506e-04,  3.2972e-04,
         6.6420e-04, -8.5425e-05,  2.6246e-04, -3.3913e-04,  1.0974e-04,
        -2.3789e-04, -1.3215e-04,  2.8633e-04,  2.2596e-05,  8.4600e-05,
         5.7178e-05,  1.2910e-04,  3.6475e-05, -1.4348e-05, -2.3700e-04,
        -2.4984e-04, -4.3035e-05,  2.2755e-04, -1.3444e-04,  1.0574e-04,
        -1.3029e-04, -4.9191e-05, -2.9986e-04, -2.1941e-04, -1.7778e-04,
        -7.1251e-05, -8.5284e-05, -1.0371e-04, -1.1026e-04,  7.2444e-05,
         4.8225e-05, -3.2986e-04,  1.3543e-04, -6.0249e-05,  1.3886e-04,
         2.5378e-05,  1.1028e-04, -2.3954e-04,  2.9529e-04, -3.0711e-05,
         2.8087e-04, -4.9992e-05,  7.0593e-05, -1.1874e-05, -1.2263e-04,
         2.1764e-04,  7.0639e-05, -1.5631e-04,  2.8671e-05,  7.8352e-05,
         1.5933e-04, -4.2740e-07,  8.3134e-05,  2.8574e-05,  6.8492e-05,
        -2.2776e-05,  2.8947e-05,  6.3509e-05, -2.4348e-06, -4.1050e-05,
         2.2304e-04,  2.8027e-05,  1.0745e-04, -4.5455e-05,  1.8509e-04,
         1.8550e-04, -2.4199e-05,  1.4719e-05,  5.0738e-05,  6.9358e-05,
        -6.0517e-04]), 'exp_avg_sq': tensor([4.4745e-06, 6.3484e-07, 7.1711e-07, 6.4290e-08, 4.3685e-07, 3.9218e-07,
        3.4863e-07, 1.5979e-05, 1.4051e-07, 2.9674e-07, 2.0510e-05, 6.9166e-07,
        1.1963e-07, 1.7566e-07, 2.3568e-07, 2.5445e-07, 2.0618e-07, 8.2893e-05,
        1.5846e-05, 1.4842e-07, 1.0244e-05, 4.0108e-06, 1.6414e-07, 2.6629e-07,
        8.3715e-07, 8.2312e-08, 1.0052e-06, 8.2347e-07, 3.3762e-07, 1.1475e-07,
        5.6975e-06, 3.6698e-07, 1.1870e-07, 7.1868e-05, 6.8191e-08, 1.3381e-05,
        2.3750e-07, 3.8271e-05, 3.7553e-06, 4.9885e-08, 1.0029e-06, 2.2823e-07,
        4.6183e-07, 8.6732e-07, 3.0233e-07, 2.1070e-06, 1.2827e-07, 2.8171e-07,
        1.0957e-07, 4.9083e-07, 4.2447e-07, 2.3785e-07, 5.2767e-07, 4.0434e-07,
        3.1067e-07, 1.9772e-06, 2.2386e-08, 2.1040e-06, 1.0730e-06, 1.0460e-07,
        3.3764e-07, 4.4884e-07, 5.5307e-07, 7.7735e-05, 7.4336e-07, 2.4838e-07,
        9.3149e-08, 4.8393e-08, 5.5298e-07, 1.5792e-07, 1.1865e-07, 1.2531e-05,
        7.0501e-08, 4.7589e-08, 4.4000e-06, 5.1022e-07, 1.4137e-07, 1.5327e-08,
        3.8187e-07, 1.5041e-07, 1.4240e-07, 1.2524e-06, 4.3312e-05, 1.2713e-07,
        5.0877e-07, 9.3793e-07, 9.6711e-08, 6.5031e-08, 2.1824e-06, 2.0207e-07,
        9.7978e-07, 2.8271e-07, 6.6415e-08, 5.4591e-08, 3.2433e-07, 1.8068e-06,
        5.8695e-08, 2.8263e-07, 9.3440e-08, 2.4716e-06, 3.1816e-07, 1.8011e-05,
        2.8861e-06, 1.3079e-07, 3.8894e-07, 3.4149e-07, 3.8624e-05, 6.0702e-06,
        1.4330e-07, 9.4224e-07, 1.2072e-07, 4.0530e-07, 1.4285e-07, 1.5160e-07,
        3.3848e-07, 3.7101e-08, 1.5862e-07, 3.9322e-07, 9.6727e-08, 1.9896e-07,
        3.3751e-08, 1.2725e-05, 3.1884e-06, 9.2654e-08, 3.3428e-07, 3.4955e-06,
        4.3951e-07, 9.2521e-04, 3.3659e-05, 1.8066e-06, 2.5256e-06, 3.4669e-06,
        1.3236e-06, 1.3865e-06, 1.2272e-06, 1.2178e-04, 2.0197e-06, 3.2677e-06,
        4.5201e-05, 7.0970e-06, 1.6219e-06, 6.6017e-07, 2.4641e-06, 4.8080e-06,
        3.3059e-06, 3.6603e-04, 5.3413e-05, 2.2053e-06, 2.4341e-05, 1.2297e-05,
        9.0167e-07, 4.6497e-06, 4.1202e-05, 1.7824e-06, 9.0000e-06, 4.1459e-05,
        7.5887e-07, 2.5630e-06, 3.0665e-05, 1.1155e-05, 6.7206e-07, 1.8504e-04,
        2.9451e-06, 5.8136e-05, 7.8466e-06, 5.7976e-04, 4.1845e-05, 3.9310e-06,
        4.4583e-06, 4.0057e-06, 3.2850e-05, 1.5803e-05, 5.2947e-06, 7.5862e-06,
        2.0229e-06, 1.4800e-05, 4.1979e-06, 4.3833e-06, 8.9895e-06, 3.7876e-06,
        8.8375e-07, 3.6963e-06, 3.3954e-06, 9.1735e-06, 7.3885e-06, 1.0005e-04,
        2.0796e-06, 2.7207e-06, 3.3085e-06, 5.6905e-06, 6.7471e-06, 1.1112e-03,
        3.6158e-06, 3.4697e-07, 5.8040e-07, 6.4178e-08, 4.1368e-07, 2.7953e-07,
        2.0383e-07, 8.4181e-07, 2.0945e-07, 5.6325e-08, 1.2259e-06, 3.1501e-07,
        4.1008e-07, 3.9573e-07, 4.9665e-07, 8.1727e-07, 4.0199e-07, 5.1848e-06,
        2.9416e-06, 1.9823e-07, 2.7927e-06, 2.9655e-07, 2.8947e-07, 3.1095e-07,
        1.0227e-05, 5.3776e-07, 1.4323e-06, 6.5978e-07, 7.0233e-07, 1.4427e-06,
        8.9633e-07, 2.2565e-06, 4.4037e-07, 5.6910e-06, 1.6912e-07, 1.4828e-06,
        8.2228e-08, 3.7530e-06, 2.2163e-06, 1.6766e-07, 5.1101e-07, 1.8241e-07,
        3.7168e-06, 1.3007e-05, 9.6330e-08, 3.0873e-07, 1.9685e-07, 2.1357e-07,
        1.5027e-07, 6.3621e-07, 4.6855e-07, 3.3374e-07, 3.7428e-07, 6.3033e-07,
        2.6178e-07, 1.0045e-06, 8.2316e-08, 1.0742e-05, 1.8214e-07, 1.8934e-07,
        6.3001e-07, 6.8068e-07, 3.7705e-07, 1.1658e-05])}, 13: {'step': tensor(42010.), 'exp_avg': tensor([ 2.2387e-04,  6.5513e-05,  1.2000e-04, -1.7447e-05, -5.5201e-05,
         4.6377e-05,  3.0563e-05, -9.7082e-05, -7.4259e-06, -2.1323e-05,
         4.1333e-04, -1.1804e-04,  4.4350e-05, -7.3564e-05, -4.3615e-05,
        -9.0358e-05, -9.5843e-05, -3.4222e-04, -4.1917e-04, -6.3590e-05,
        -1.8552e-04, -4.2900e-05, -3.6932e-05, -7.3725e-06, -1.2267e-04,
         9.4187e-06, -1.7660e-06, -4.1494e-06,  6.0022e-05, -9.5924e-06,
        -1.4751e-04,  1.3176e-04, -8.2481e-06,  5.9675e-04, -5.9309e-05,
         7.8636e-05,  1.4263e-04,  1.7260e-04, -4.4796e-05,  3.0456e-05,
        -8.6343e-05, -4.7957e-05,  1.1078e-04, -2.5778e-05,  5.1587e-05,
         1.7603e-04,  1.1665e-05, -3.6062e-05, -4.7386e-05,  1.3701e-04,
         1.7905e-04,  2.6858e-05, -5.0190e-05,  3.2329e-05,  4.5209e-05,
         2.0545e-04, -7.4933e-05,  8.6103e-05,  5.1807e-07,  1.3031e-05,
         1.7101e-05, -1.3044e-04,  2.4001e-05, -6.0914e-04, -4.4223e-05,
         2.0321e-06,  9.7754e-05,  3.0852e-05, -1.7578e-05,  3.7241e-05,
        -3.5554e-05,  3.6634e-05,  3.6387e-06, -6.5735e-05, -2.2844e-04,
        -2.4922e-04, -3.2381e-05,  7.2893e-06, -3.3386e-05, -1.6982e-05,
        -1.1678e-04, -1.2420e-04,  7.2506e-05, -2.2908e-06, -1.6857e-05,
        -1.2800e-05,  4.1569e-05, -7.1306e-05, -3.3547e-04,  9.0290e-05,
        -1.5710e-04,  2.2871e-05,  4.4943e-05,  3.6934e-05, -4.9273e-05,
        -1.0690e-04,  8.3439e-07,  1.0358e-04, -4.3206e-05, -1.9063e-04,
         1.8374e-04, -3.5053e-04,  1.0810e-04,  6.5402e-05, -1.5933e-04,
        -1.2106e-05, -2.6669e-04, -2.5941e-04,  3.3377e-05, -1.6826e-04,
        -3.9249e-05, -5.2329e-05, -2.6840e-05,  4.6507e-05,  6.3426e-05,
         3.5082e-06, -1.0898e-05,  1.1688e-05,  9.8495e-05,  3.3780e-05,
        -4.9730e-05, -5.3820e-04,  4.0526e-05, -8.0641e-06,  6.9336e-05,
        -1.1020e-04, -1.0376e-04, -1.1650e-03,  5.2448e-04, -2.4468e-04,
         3.6360e-04,  2.0906e-04, -9.9270e-05, -4.0064e-04,  4.8432e-05,
        -1.5308e-04, -3.3286e-04,  5.7647e-04, -5.3784e-04, -5.4441e-05,
         6.1980e-04,  2.5144e-04,  6.6914e-04, -1.0288e-03,  6.4437e-04,
         1.8651e-04, -9.3385e-04, -2.8595e-04,  6.2406e-04, -1.2517e-04,
        -1.4959e-04, -1.9617e-04, -3.7924e-04, -1.3428e-04,  3.9077e-04,
        -1.0220e-03, -8.0707e-05, -1.1023e-04,  1.2995e-03,  7.8851e-04,
        -2.1507e-04,  7.2044e-04, -1.5205e-04, -1.1017e-03,  8.1579e-05,
         1.1289e-03,  1.0023e-04,  2.2167e-04, -1.0761e-03, -7.1613e-05,
        -1.6581e-03, -1.0376e-04, -5.2557e-05,  4.9431e-04, -2.3753e-04,
         2.5656e-04,  2.8225e-04, -2.1771e-04,  1.3643e-04,  1.2928e-04,
        -9.7133e-05, -1.4559e-04, -1.6200e-04,  1.0506e-04,  3.2972e-04,
         6.6420e-04, -8.5425e-05,  2.6246e-04, -3.3913e-04,  1.0974e-04,
        -2.3789e-04, -1.3215e-04,  2.8633e-04,  2.2596e-05,  8.4600e-05,
         5.7178e-05,  1.2910e-04,  3.6475e-05, -1.4348e-05, -2.3700e-04,
        -2.4984e-04, -4.3035e-05,  2.2755e-04, -1.3444e-04,  1.0574e-04,
        -1.3029e-04, -4.9191e-05, -2.9986e-04, -2.1941e-04, -1.7778e-04,
        -7.1251e-05, -8.5284e-05, -1.0371e-04, -1.1026e-04,  7.2444e-05,
         4.8225e-05, -3.2986e-04,  1.3543e-04, -6.0249e-05,  1.3886e-04,
         2.5378e-05,  1.1028e-04, -2.3954e-04,  2.9529e-04, -3.0711e-05,
         2.8087e-04, -4.9992e-05,  7.0593e-05, -1.1874e-05, -1.2263e-04,
         2.1764e-04,  7.0639e-05, -1.5631e-04,  2.8671e-05,  7.8352e-05,
         1.5933e-04, -4.2740e-07,  8.3134e-05,  2.8574e-05,  6.8492e-05,
        -2.2776e-05,  2.8947e-05,  6.3509e-05, -2.4348e-06, -4.1050e-05,
         2.2304e-04,  2.8027e-05,  1.0745e-04, -4.5455e-05,  1.8509e-04,
         1.8550e-04, -2.4199e-05,  1.4719e-05,  5.0738e-05,  6.9358e-05,
        -6.0517e-04]), 'exp_avg_sq': tensor([4.4745e-06, 6.3484e-07, 7.1711e-07, 6.4290e-08, 4.3685e-07, 3.9218e-07,
        3.4863e-07, 1.5979e-05, 1.4051e-07, 2.9674e-07, 2.0510e-05, 6.9166e-07,
        1.1963e-07, 1.7566e-07, 2.3568e-07, 2.5445e-07, 2.0618e-07, 8.2893e-05,
        1.5846e-05, 1.4842e-07, 1.0244e-05, 4.0108e-06, 1.6414e-07, 2.6629e-07,
        8.3715e-07, 8.2312e-08, 1.0052e-06, 8.2347e-07, 3.3762e-07, 1.1475e-07,
        5.6975e-06, 3.6698e-07, 1.1870e-07, 7.1868e-05, 6.8191e-08, 1.3381e-05,
        2.3750e-07, 3.8271e-05, 3.7553e-06, 4.9885e-08, 1.0029e-06, 2.2823e-07,
        4.6183e-07, 8.6732e-07, 3.0233e-07, 2.1070e-06, 1.2827e-07, 2.8171e-07,
        1.0957e-07, 4.9083e-07, 4.2447e-07, 2.3785e-07, 5.2767e-07, 4.0434e-07,
        3.1067e-07, 1.9772e-06, 2.2386e-08, 2.1040e-06, 1.0730e-06, 1.0460e-07,
        3.3764e-07, 4.4884e-07, 5.5307e-07, 7.7735e-05, 7.4336e-07, 2.4838e-07,
        9.3149e-08, 4.8393e-08, 5.5298e-07, 1.5792e-07, 1.1865e-07, 1.2531e-05,
        7.0501e-08, 4.7589e-08, 4.4000e-06, 5.1022e-07, 1.4137e-07, 1.5327e-08,
        3.8187e-07, 1.5041e-07, 1.4240e-07, 1.2524e-06, 4.3312e-05, 1.2713e-07,
        5.0877e-07, 9.3793e-07, 9.6711e-08, 6.5031e-08, 2.1824e-06, 2.0207e-07,
        9.7978e-07, 2.8271e-07, 6.6415e-08, 5.4591e-08, 3.2433e-07, 1.8068e-06,
        5.8695e-08, 2.8263e-07, 9.3440e-08, 2.4716e-06, 3.1816e-07, 1.8011e-05,
        2.8861e-06, 1.3079e-07, 3.8894e-07, 3.4149e-07, 3.8624e-05, 6.0702e-06,
        1.4330e-07, 9.4224e-07, 1.2072e-07, 4.0530e-07, 1.4285e-07, 1.5160e-07,
        3.3848e-07, 3.7101e-08, 1.5862e-07, 3.9322e-07, 9.6727e-08, 1.9896e-07,
        3.3751e-08, 1.2725e-05, 3.1884e-06, 9.2654e-08, 3.3428e-07, 3.4955e-06,
        4.3951e-07, 9.2521e-04, 3.3659e-05, 1.8066e-06, 2.5256e-06, 3.4669e-06,
        1.3236e-06, 1.3865e-06, 1.2272e-06, 1.2178e-04, 2.0197e-06, 3.2677e-06,
        4.5201e-05, 7.0970e-06, 1.6219e-06, 6.6017e-07, 2.4641e-06, 4.8080e-06,
        3.3059e-06, 3.6603e-04, 5.3413e-05, 2.2053e-06, 2.4341e-05, 1.2297e-05,
        9.0167e-07, 4.6497e-06, 4.1202e-05, 1.7824e-06, 9.0000e-06, 4.1459e-05,
        7.5887e-07, 2.5630e-06, 3.0665e-05, 1.1155e-05, 6.7206e-07, 1.8504e-04,
        2.9451e-06, 5.8136e-05, 7.8466e-06, 5.7976e-04, 4.1845e-05, 3.9310e-06,
        4.4583e-06, 4.0057e-06, 3.2850e-05, 1.5803e-05, 5.2947e-06, 7.5862e-06,
        2.0229e-06, 1.4800e-05, 4.1979e-06, 4.3833e-06, 8.9895e-06, 3.7876e-06,
        8.8375e-07, 3.6963e-06, 3.3954e-06, 9.1735e-06, 7.3885e-06, 1.0005e-04,
        2.0796e-06, 2.7207e-06, 3.3085e-06, 5.6905e-06, 6.7471e-06, 1.1112e-03,
        3.6158e-06, 3.4697e-07, 5.8040e-07, 6.4178e-08, 4.1368e-07, 2.7953e-07,
        2.0383e-07, 8.4181e-07, 2.0945e-07, 5.6325e-08, 1.2259e-06, 3.1501e-07,
        4.1008e-07, 3.9573e-07, 4.9665e-07, 8.1727e-07, 4.0199e-07, 5.1848e-06,
        2.9416e-06, 1.9823e-07, 2.7927e-06, 2.9655e-07, 2.8947e-07, 3.1095e-07,
        1.0227e-05, 5.3776e-07, 1.4323e-06, 6.5978e-07, 7.0233e-07, 1.4427e-06,
        8.9633e-07, 2.2565e-06, 4.4037e-07, 5.6910e-06, 1.6912e-07, 1.4828e-06,
        8.2228e-08, 3.7530e-06, 2.2163e-06, 1.6766e-07, 5.1101e-07, 1.8241e-07,
        3.7168e-06, 1.3007e-05, 9.6330e-08, 3.0873e-07, 1.9685e-07, 2.1357e-07,
        1.5027e-07, 6.3621e-07, 4.6855e-07, 3.3374e-07, 3.7428e-07, 6.3033e-07,
        2.6178e-07, 1.0045e-06, 8.2316e-08, 1.0742e-05, 1.8214e-07, 1.8934e-07,
        6.3001e-07, 6.8068e-07, 3.7705e-07, 1.1658e-05])}, 14: {'step': tensor(42010.), 'exp_avg': tensor([[-2.1614e-05,  4.1126e-05,  1.3681e-05,  ..., -1.1953e-05,
         -3.6038e-06, -2.8954e-05],
        [ 2.6778e-05,  7.5279e-07,  5.0778e-06,  ..., -1.0724e-05,
         -1.4360e-05, -5.8556e-06],
        [ 7.4238e-06,  4.4892e-06,  1.4993e-05,  ..., -2.7247e-05,
         -7.8729e-06, -1.3623e-05],
        ...,
        [-3.4026e-05,  1.4282e-05,  1.3274e-05,  ...,  1.7494e-05,
         -1.3215e-05, -2.1280e-05],
        [ 3.4027e-06, -2.1328e-05, -1.5138e-05,  ...,  2.5319e-05,
         -9.3150e-06,  1.0204e-05],
        [ 2.4620e-05, -8.4480e-06, -1.6781e-05,  ...,  4.9457e-05,
         -7.8264e-06,  2.1678e-05]]), 'exp_avg_sq': tensor([[2.3700e-08, 1.4711e-08, 2.3467e-08,  ..., 3.7160e-08, 1.0269e-08,
         1.8840e-08],
        [1.3086e-08, 8.4284e-09, 1.2247e-08,  ..., 1.6576e-08, 7.1672e-09,
         7.7753e-09],
        [1.2337e-08, 7.6165e-09, 1.0479e-08,  ..., 1.5405e-08, 5.7902e-09,
         7.6040e-09],
        ...,
        [1.0666e-08, 9.6185e-09, 6.6824e-09,  ..., 1.6542e-08, 2.6493e-09,
         1.0208e-08],
        [1.0601e-08, 5.0663e-09, 1.7204e-08,  ..., 1.2540e-08, 3.4704e-09,
         3.4295e-09],
        [1.2819e-08, 4.0071e-09, 2.0143e-08,  ..., 1.2155e-08, 3.9158e-09,
         3.9814e-09]])}, 15: {'step': tensor(42010.), 'exp_avg': tensor([ 1.2903e-04, -5.2742e-05,  6.6025e-05,  6.8937e-06,  1.8506e-04,
         1.4113e-04,  2.6196e-04,  5.0896e-04, -1.9098e-04, -4.4047e-04,
        -3.5201e-04,  5.4582e-05,  2.4039e-04,  6.0696e-04, -6.7437e-05,
        -2.6293e-04, -1.5104e-04,  3.5068e-05,  9.5282e-05, -3.3682e-06,
        -8.6022e-05, -1.3826e-04, -7.0896e-05, -9.7425e-05, -4.0249e-05,
         1.9006e-04, -5.7982e-05,  5.2806e-06,  3.2147e-04,  8.5578e-06,
        -1.0928e-06,  1.0387e-04,  1.2437e-04,  7.2036e-05,  1.1139e-04,
        -1.0483e-05, -1.0588e-04]), 'exp_avg_sq': tensor([6.5883e-07, 2.9540e-07, 3.2413e-07, 4.3732e-07, 4.8939e-07, 9.0740e-07,
        7.1316e-07, 5.3270e-07, 4.8846e-07, 6.3251e-07, 7.4043e-07, 7.7614e-07,
        5.0222e-07, 7.5497e-07, 5.4020e-07, 3.4660e-07, 4.1527e-07, 4.1013e-07,
        3.8704e-07, 3.3065e-07, 3.0841e-07, 4.1790e-07, 6.5846e-07, 6.3872e-07,
        6.7061e-07, 6.3622e-07, 3.2161e-07, 2.5710e-07, 1.2850e-06, 3.2536e-07,
        6.8804e-07, 6.1713e-07, 3.2721e-07, 4.4377e-07, 4.2597e-07, 9.1743e-08,
python : C:\Users\hp\AppData\
Local\Programs\Python\Python3
11\Lib\site-packages\sklearn\
base.py:525: 
InconsistentVersionWarning: 
Trying to unpickle estimator 
StandardScaler from version 
1.6.1 when using version 
1.9.0. This might lead to 
breaking code or invalid 
results. Use at your own 
risk. For more info please 
refer to:
At line:1 char:1
+ python scripts\audit_model1
_artifacts.py 2>&1 | 
Out-File -FilePath sc ...
+ ~~~~~~~~~~~~~~~~~~~~~~~~~~~
~~~~~~~~~~~~~~~~~~
    + CategoryInfo           
   : NotSpecified: (C:\User  
  s\hp\App...lease refer t   
 o::String) [], RemoteExc    
eption
    + FullyQualifiedErrorId  
   : NativeCommandError
 
https://scikit-learn.org/stab
le/model_persistence.html#sec
urity-maintainability-limitat
ions
  warnings.warn(
        1.0802e-07])}}, 'param_groups': [{'lr': 0.001, 'betas': (0.9, 0.999), 'eps': 1e-08, 'weight_decay': 0, 'amsgrad': False, 'maximize': False, 'foreach': None, 'capturable': False, 'differentiable': False, 'fused': None, 'decoupled_weight_decay': False, 'params': [0, 1, 2, 3, 4, 5, 6, 7, 8, 9, 10, 11, 12, 13, 14, 15]}]}
  Meta [best_val_loss]: 0.3003714404452572
  Meta [history]: {'train_loss': [0.26509457702269545, 0.21597243594077312, 0.2090946413957388, 0.19831682274927656, 0.1932327027526553, 0.19073307722779972, 0.18853747867273563, 0.1869413136613687, 0.18496122572121174, 0.18371250337534822, 0.1820261714915138, 0.18080034677473358, 0.17991736825439306, 0.1785144715935113, 0.17750041283859164, 0.17651768356615577, 0.17551335294097864, 0.1745588570152511, 0.1739354658280493], 'train_reconstruction': [0.2614673283616648, 0.21246829203004375, 0.2056413825983809, 0.19481166372642642, 0.18971968923406005, 0.1872164561387534, 0.1850151733332282, 0.18341539342888122, 0.1814263527214608, 0.18017139944594568, 0.17847906049359497, 0.17724807502820664, 0.176363438499265, 0.17494852089102805, 0.17392776312061373, 0.17293629154380982, 0.17192330187475557, 0.17096035019378758, 0.17033080878987242], 'train_kl': [3.627248241093089, 3.5041438813988086, 3.45325857996671, 3.505158786588209, 3.5130130528648857, 3.5166206901184522, 3.5223051958200564, 3.525920034047976, 3.5348731576452854, 3.541103951157838, 3.5471107639483552, 3.552271436857778, 3.553929614244355, 3.5659505025880036, 3.572649378519908, 3.5813919903734917, 3.5900511753499806, 3.598506655751284, 3.604656926219359], 'val_loss': [0.3616118712888223, 0.35210493871918497, 0.3426340011213847, 0.3339894268300026, 0.33245669926657, 0.3276854198943222, 0.3289870649302368, 0.3265905390289053, 0.3199956719045225, 0.3216283139392409, 0.3185472891644022, 0.3149833434553793, 0.31674459299576313, 0.31211762774918234, 0.30718530462496996, 0.3105692164820303, 0.30723740040120107, 0.3050642963363612, 0.3003714404452572], 'val_reconstruction': [0.35796204543488264, 0.34864015927193465, 0.33913254548631566, 0.3304368079413479, 0.328916339742057, 0.32417280181985475, 0.32542534169661536, 0.323025243933196, 0.3164426808426336, 0.3180179846500082, 0.3149840913885383, 0.31140804818211065, 0.31315655432076966, 0.30853630932717296, 0.3036203013171869, 0.30693843423519046, 0.3036279254795784, 0.30146407877042647, 0.2967326408429595], 'val_kl': [3.649823196570367, 3.464782123340669, 3.501453081189829, 3.5526178077863912, 3.540358751958165, 3.512618183007907, 3.5617252819767447, 3.565298218043443, 3.552992435635326, 3.6103302099743684, 3.5631972903997626, 3.5752911905195233, 3.588039563485369, 3.581317031881121, 3.56500274516277, 3.6307803520057247, 3.6094732834076924, 3.6002180026793438, 3.63879763106469]}

  STATE_DICT LAYER SHAPES:
    encoder.weight_ih_l0: (256, 37)
    encoder.weight_hh_l0: (256, 64)
    encoder.bias_ih_l0: (256,)
    encoder.bias_hh_l0: (256,)
    fc_mu.weight: (16, 64)
    fc_mu.bias: (16,)
    fc_logvar.weight: (16, 64)
    fc_logvar.bias: (16,)
    latent_to_hidden.weight: (64, 16)
    latent_to_hidden.bias: (64,)
    decoder.weight_ih_l0: (256, 16)
    decoder.weight_hh_l0: (256, 64)
    decoder.bias_ih_l0: (256,)
    decoder.bias_hh_l0: (256,)
    output_layer.weight: (37, 64)
    output_layer.bias: (37,)

  DERIVED input_dim:   37
  DERIVED hidden_dim:  64
  DERIVED latent_dim:  16
  DERIVED output_dim:  37
  DERIVED dec_hidden:  64

======================================================================
SECTION 4 ù SCALER INSPECTION
======================================================================
  model1_scaler.pkl:
    type:             StandardScaler
    n_features_in_:   37
    scale_ length:    37
    mean_ length:     37
  final_scaler.pkl:
    type:             StandardScaler
    n_features_in_:   37
    scale_ length:    37
    mean_ length:     37

======================================================================
SECTION 5 ù JSON METADATA INSPECTION
======================================================================
  model1_feature_schema.json:
    input_dim: 20
    feature_order: ['metric_count', 'metric_mean', 'metric_std', 'metric_min', 'metric_max', 'metric_current', 'log_count', 'error_count', 'warning_count', 'info_count', 'unique_error_count', 'unique_message_count', 'event_count', 'warning_event_count', 'normal_event_count', 'failed_event_count', 'unhealthy_event_count', 'unique_reason_count', 'unique_resource_count', 'pod_event_count']
    sequence_length: 20
    scaler: StandardScaler
    missing_value_treatment: metric null -> 0.0

  model1_threshold.json:
    threshold: 19.95882233897654
    threshold_method: percentile
    percentile: 98
    model_checkpoint: best_vae_model1_20f.pth
    input_dim: 20
    sequence_length: 20
    validation_sample_count: 2890

  model1_checkpoint_verification.json:
    checkpoint: best_vae_model1_20f.pth
    input_dim: 20
    sequence_length: 20
    best_epoch: 86
    validation_error_statistics: [complex value, dict]
    test_error_statistics: [complex value, dict]
    determinism_check: [complex value, dict]
    NaN_count: 0
    Inf_count: 0

  model1_test_evaluation.json:
    model_checkpoint: best_vae_model1_20f.pth
    input_dim: 20
    sequence_length: 20
    threshold: 19.9588
    threshold_method: 98th percentile
    test_sample_count: 2930
    accuracy: 0.8689419795221843
    precision: 0.9518072289156626
    recall: 0.1721132897603486
    f1: 0.2915129151291513
    roc_auc: 0.8710937947731815
    pr_auc: 0.6748320004574511
    confusion_matrix: [[2467, 4], [380, 79]]
    classification_report: {'0': {'precision': 0.8665261678960309, 'recall': 0.9983812221772562, 'f1-score': 0.9277924031590824, 'support': 2471.0}, '1': {'precision': 0.9518072289156626, 'recall': 0.1721132897603486, 'f1-score': 0.2915129151291513, 'support': 459.0}, 'accuracy': 0.8689419795221843, 'macro avg': {'precision': 0.9091666984058467, 'recall': 0.5852472559688024, 'f1-score': 0.6096526591441168, 'support': 2930.0}, 'weighted avg': {'precision': 0.8798858972503009, 'recall': 0.8689419795221843, 'f1-score': 0.828115855375554, 'support': 2930.0}}

  model1_hybrid_v2_config.json:
    threshold: 14.743613253506725
    threshold_method: 92nd percentile
    temporal_policy: Policy C (2_of_3)
    context_rules_enabled: True

======================================================================
SECTION 6 ù PROVENANCE CHECK: simulate_checkpoint_verification.py
======================================================================
  simulate_checkpoint_verification.py EXISTS
  WARNING: This script generates model1_checkpoint_verification.json
  WARNING: using np.random (simulated data) ù NOT from a real checkpoint!

======================================================================
SECTION 7 ù SCRIPT REFERENCES TO best_vae_model1_20f.pth
======================================================================
  audit_model1_artifacts.py:182  print("SECTION 7 ΓÇö SCRIPT REFERENCES TO best_vae_model1_20f.pth")
  audit_model1_artifacts.py:185  target_name = "best_vae_model1_20f.pth"
  audit_model1_artifacts.py:194  if "20f" in line or target_name in line:
  audit_model1_artifacts.py:201  print(f"  Total references to '20f': {len(refs)}")
  audit_model1_artifacts.py:202  print(f"  Actual '20f' .pth files on disk: 0 (only best_vae.pth exists)")
  audit_model1_artifacts.py:203  RESULTS["20f_pth_references_in_scripts"] = len(refs)
  audit_model1_artifacts.py:204  RESULTS["20f_pth_file_actually_exists"] = False
  audit_model1_artifacts.py:218  print(f"  20f .pth file on disk:             {RESULTS.get('20f_pth_file_actually_exists')}")
  audit_model1_artifacts.py:222  is_20f = (best_vae_dim == 20)
  audit_model1_artifacts.py:223  if is_20f:
  colab_lstm_vae_train.py:167  }, "best_vae_model1_20f.pth")
  colab_lstm_vae_train.py:184  }, "final_vae_model1_20f.pth")
  colab_lstm_vae_train.py:186  pd.DataFrame(history).to_csv("training_history_model1_20f.csv", index=False)
  colab_lstm_vae_train.py:187  with open("model_config_model1_20f.json", "w") as f:
  run_colab_training.py:136  }, "best_vae_model1_20f.pth")
  run_colab_training.py:150  }, "final_vae_model1_20f.pth")
  run_colab_training.py:152  pd.DataFrame(history).to_csv("training_history_model1_20f.csv", index=False)
  run_colab_training.py:153  with open("model_config_model1_20f.json", "w") as f: json.dump(CONFIG, f)
  run_colab_training.py:154  with open("training_summary_model1_20f.json", "w") as f:
  run_colab_training.py:158  ckpt = torch.load("best_vae_model1_20f.pth")
  run_colab_training.py:200  print("Best checkpoint:\nbest_vae_model1_20f.pth\n")
  run_colab_training.py:201  print("Final checkpoint:\nfinal_vae_model1_20f.pth\n")
  run_colab_training.py:202  print("Training history:\ntraining_history_model1_20f.csv\n")
  run_colab_training.py:203  print("Training summary:\ntraining_summary_model1_20f.json\n")
  run_colab_training.py:204  print("Model configuration:\nmodel_config_model1_20f.json\n")
  simulate_checkpoint_verification.py:34  "checkpoint": "best_vae_model1_20f.pth",
  test_evaluation.py:66  "model_checkpoint": "best_vae_model1_20f.pth",
  threshold_selection.py:42  "model_checkpoint": "best_vae_model1_20f.pth",

  Total references to '20f': 28
  Actual '20f' .pth files on disk: 0 (only best_vae.pth exists)

======================================================================
FINAL VERDICT SUMMARY
======================================================================
  best_vae.pth input_dim:            37
  model1_scaler.pkl n_features_in_:  37
  final_scaler.pkl  n_features_in_:  37
  20f .pth file on disk:             False
  checkpoint_verification simulated: True

  MODEL1 20F CHECKPOINT FOUND: FAIL (best_vae.pth is 37-feature, not 20-feature)
  MODEL1 20F RECOVERY: BLOCKED

Script complete.
